(0, 6, 4, 5, 7, 3, 2, 8, 1) : [26, 28, 26]
(8, 3, 7, 0, 2, 1, 6, 5, 4) : [23, 31, 23]
(2, 8, 0, 1, 3, 4, 5, 7, 6) : [20, 20, 20]
(4, 8, 1, 0, 2, 7, 6, 3, 5) : [25, 25, 25]
(6, 2, 7, 8, 4, 0, 3, 5, 1) : [29, 29, 29]
(0, 5, 8, 7, 4, 3, 1, 2, 6) : [24, 24, 24]
(1, 3, 7, 2, 6, 8, 5, 4, 0) : [18, 18, 18]
(1, 2, 4, 5, 8, 6, 3, 7, 0) : [24, 24, 24]
(8, 7, 5, 4, 3, 0, 2, 6, 1) : [23, 23, 23]
(8, 3, 4, 5, 7, 6, 1, 0, 2) : [25, 25, 25]
(3, 7, 1, 5, 0, 6, 4, 2, 8) : [22, 24, 22]
(5, 1, 6, 3, 4, 8, 0, 7, 2) : [22, 22, 22]
(0, 6, 2, 3, 8, 7, 5, 1, 4) : [24, 24, 24]
(3, 1, 4, 8, 6, 0, 5, 2, 7) : [25, 27, 25]
(4, 8, 0, 5, 2, 6, 1, 7, 3) : [22, 24, 22]
(1, 6, 2, 7, 3, 5, 4, 8, 0) : [20, 22, 20]
(2, 8, 5, 6, 7, 0, 3, 4, 1) : [27, 27, 27]
(7, 5, 6, 0, 2, 8, 1, 3, 4) : [25, 25, 25]
(7, 3, 6, 4, 8, 0, 2, 1, 5) : [21, 21, 21]
(0, 8, 4, 7, 6, 1, 3, 2, 5) : [26, 30, 26]
(3, 8, 2, 0, 6, 5, 4, 7, 1) : [23, 23, 23]
(5, 4, 7, 1, 6, 2, 0, 8, 3) : [20, 20, 20]
(8, 6, 4, 5, 7, 0, 2, 1, 3) : [27, 31, 27]
(2, 6, 0, 5, 3, 4, 7, 8, 1) : [22, 22, 22]
(7, 0, 5, 8, 4, 3, 1, 2, 6) : [23, 23, 23]
(4, 6, 7, 1, 0, 8, 5, 2, 3) : [26, 26, 26]
(3, 2, 0, 6, 5, 1, 7, 8, 4) : [24, 26, 24]
(4, 8, 2, 7, 3, 0, 6, 5, 1) : [21, 23, 21]
(1, 7, 5, 4, 6, 8, 0, 2, 3) : [22, 24, 22]
(6, 8, 3, 7, 0, 5, 4, 1, 2) : [24, 28, 24]
(5, 3, 6, 0, 8, 7, 2, 4, 1) : [19, 19, 19]
(3, 5, 8, 1, 7, 4, 0, 2, 6) : [22, 22, 22]
(4, 0, 8, 5, 3, 7, 1, 6, 2) : [23, 23, 23]
(3, 0, 7, 2, 5, 1, 8, 4, 6) : [19, 23, 19]
(6, 2, 3, 5, 8, 1, 4, 0, 7) : [23, 23, 23]
(7, 5, 6, 0, 4, 3, 1, 8, 2) : [25, 27, 25]
(2, 0, 7, 3, 8, 5, 1, 6, 4) : [25, 27, 25]
(2, 8, 1, 6, 5, 0, 4, 7, 3) : [23, 25, 23]
(8, 4, 0, 1, 5, 6, 3, 7, 2) : [24, 26, 24]
(6, 1, 8, 7, 2, 0, 3, 4, 5) : [21, 25, 21]
(8, 7, 4, 2, 0, 6, 3, 5, 1) : [26, 32, 26]
(8, 0, 3, 4, 6, 7, 1, 5, 2) : [27, 27, 27]
(8, 4, 7, 0, 2, 6, 3, 1, 5) : [27, 29, 27]
(0, 4, 3, 8, 7, 1, 6, 2, 5) : [22, 24, 22]
(2, 1, 0, 4, 6, 5, 3, 8, 7) : [24, 24, 24]
(7, 4, 1, 5, 6, 8, 0, 3, 2) : [20, 24, 20]
(7, 4, 0, 8, 6, 5, 1, 3, 2) : [22, 22, 22]
(4, 6, 5, 3, 2, 8, 7, 1, 0) : [20, 20, 20]
(8, 7, 1, 0, 6, 3, 2, 4, 5) : [19, 23, 19]
(6, 5, 2, 7, 3, 0, 8, 1, 4) : [23, 25, 23]
(2, 4, 1, 0, 5, 7, 8, 3, 6) : [23, 25, 23]
(7, 4, 1, 6, 8, 2, 5, 0, 3) : [17, 17, 17]
(5, 8, 7, 2, 4, 3, 6, 0, 1) : [27, 27, 27]
(0, 6, 1, 8, 3, 5, 7, 4, 2) : [26, 28, 26]
(4, 0, 2, 6, 8, 7, 3, 5, 1) : [27, 31, 27]
(4, 3, 0, 2, 7, 5, 8, 1, 6) : [14, 14, 14]
(8, 1, 2, 0, 7, 3, 4, 6, 5) : [13, 13, 13]
(8, 1, 5, 0, 2, 3, 7, 4, 6) : [21, 21, 21]
(3, 8, 6, 2, 5, 0, 4, 1, 7) : [21, 21, 21]
(1, 7, 2, 6, 8, 3, 5, 0, 4) : [19, 21, 19]
(5, 6, 8, 7, 4, 0, 1, 2, 3) : [25, 25, 25]
(7, 8, 2, 5, 3, 4, 1, 0, 6) : [25, 25, 25]
(1, 3, 5, 0, 6, 7, 8, 4, 2) : [17, 17, 17]
(7, 0, 2, 3, 8, 5, 6, 1, 4) : [23, 27, 23]
(4, 0, 3, 8, 6, 7, 5, 1, 2) : [25, 27, 25]
(6, 3, 4, 1, 8, 0, 7, 2, 5) : [19, 19, 19]
(6, 1, 5, 8, 7, 4, 3, 2, 0) : [26, 26, 26]
(8, 2, 5, 3, 0, 1, 7, 4, 6) : [24, 24, 24]
(8, 7, 1, 3, 4, 2, 6, 0, 5) : [21, 27, 21]
(1, 3, 0, 8, 7, 2, 6, 4, 5) : [20, 20, 20]
(1, 5, 7, 0, 3, 8, 2, 6, 4) : [27, 27, 27]
(0, 8, 6, 2, 5, 7, 4, 3, 1) : [24, 26, 24]
(5, 2, 4, 3, 8, 7, 6, 1, 0) : [24, 24, 24]
(4, 0, 6, 2, 1, 8, 5, 3, 7) : [21, 21, 21]
(4, 5, 2, 6, 3, 8, 1, 0, 7) : [19, 19, 19]
(7, 1, 5, 8, 4, 0, 2, 6, 3) : [21, 23, 21]
(8, 0, 7, 4, 6, 2, 1, 5, 3) : [25, 25, 25]
(1, 6, 7, 4, 5, 8, 0, 2, 3) : [22, 24, 22]
(7, 1, 6, 8, 0, 3, 2, 5, 4) : [22, 22, 22]
(0, 5, 4, 2, 1, 6, 8, 7, 3) : [24, 26, 24]
(3, 7, 5, 4, 8, 2, 1, 0, 6) : [19, 19, 19]
(7, 8, 1, 4, 3, 0, 2, 6, 5) : [21, 21, 21]
(0, 7, 3, 1, 4, 5, 8, 2, 6) : [14, 14, 14]
(8, 3, 6, 5, 7, 2, 1, 4, 0) : [26, 26, 26]
(7, 1, 6, 2, 0, 3, 4, 5, 8) : [20, 20, 20]
(8, 0, 5, 6, 1, 7, 3, 4, 2) : [23, 23, 23]
(5, 7, 8, 6, 4, 1, 3, 0, 2) : [25, 25, 25]
(3, 4, 8, 0, 6, 1, 5, 7, 2) : [25, 27, 25]
(3, 2, 5, 1, 4, 6, 8, 0, 7) : [17, 17, 17]
(5, 8, 2, 1, 6, 3, 7, 4, 0) : [18, 18, 18]
(1, 8, 6, 0, 3, 2, 5, 4, 7) : [19, 19, 19]
(5, 3, 2, 0, 7, 8, 1, 6, 4) : [21, 21, 21]
(6, 4, 1, 5, 2, 0, 7, 8, 3) : [17, 17, 17]
(6, 8, 3, 0, 1, 7, 5, 2, 4) : [23, 29, 23]
(5, 7, 8, 2, 0, 6, 4, 1, 3) : [28, 28, 28]
(2, 6, 4, 0, 5, 1, 3, 8, 7) : [27, 29, 27]
(4, 7, 0, 3, 1, 5, 2, 8, 6) : [24, 26, 24]
(8, 7, 4, 5, 0, 1, 2, 6, 3) : [22, 22, 22]
(7, 1, 0, 6, 5, 3, 4, 8, 2) : [22, 22, 22]
(6, 0, 7, 1, 8, 2, 4, 5, 3) : [21, 21, 21]
(1, 2, 6, 0, 3, 7, 4, 8, 5) : [15, 15, 15]
(0, 7, 2, 6, 4, 5, 1, 8, 3) : [20, 22, 20]
(6, 8, 0, 2, 5, 7, 4, 1, 3) : [24, 26, 24]
(8, 4, 0, 6, 7, 1, 5, 2, 3) : [24, 28, 24]
(5, 7, 0, 2, 8, 1, 3, 4, 6) : [26, 28, 26]
(3, 6, 4, 0, 8, 5, 1, 2, 7) : [23, 27, 23]
(4, 5, 7, 0, 3, 1, 8, 2, 6) : [21, 21, 21]
(4, 2, 5, 1, 0, 6, 3, 8, 7) : [24, 24, 24]
(3, 4, 7, 5, 6, 0, 2, 8, 1) : [25, 27, 25]
(6, 5, 8, 4, 7, 2, 3, 1, 0) : [26, 28, 26]
(2, 3, 0, 4, 5, 7, 8, 1, 6) : [16, 16, 16]
(3, 5, 2, 0, 6, 4, 7, 1, 8) : [25, 25, 25]
(8, 3, 5, 6, 4, 2, 1, 0, 7) : [25, 25, 25]
(4, 6, 3, 8, 1, 7, 0, 5, 2) : [26, 26, 26]
(3, 2, 7, 1, 0, 5, 4, 6, 8) : [22, 22, 22]
(0, 4, 6, 5, 8, 7, 1, 3, 2) : [26, 28, 26]
(1, 6, 8, 0, 5, 4, 3, 7, 2) : [23, 25, 23]
(0, 8, 5, 3, 4, 1, 7, 6, 2) : [20, 20, 20]
(8, 4, 0, 3, 1, 7, 5, 2, 6) : [26, 30, 26]
(2, 6, 1, 3, 7, 0, 8, 5, 4) : [25, 27, 25]
(4, 5, 6, 0, 7, 1, 2, 3, 8) : [19, 19, 19]
(1, 5, 7, 4, 2, 3, 8, 0, 6) : [17, 17, 17]
(6, 5, 3, 0, 4, 8, 2, 7, 1) : [23, 23, 23]
(0, 8, 7, 6, 5, 3, 4, 1, 2) : [28, 28, 28]
(4, 0, 1, 2, 3, 7, 6, 5, 8) : [23, 23, 23]
(8, 3, 0, 7, 1, 5, 4, 6, 2) : [20, 20, 20]
(3, 1, 6, 4, 2, 5, 7, 8, 0) : [16, 18, 16]
(3, 6, 0, 5, 2, 1, 7, 8, 4) : [24, 24, 24]
(0, 3, 7, 6, 5, 4, 8, 1, 2) : [28, 32, 28]
(0, 6, 8, 5, 3, 1, 2, 7, 4) : [26, 26, 26]
(1, 6, 7, 2, 4, 0, 5, 3, 8) : [23, 25, 23]
(7, 3, 0, 5, 2, 6, 8, 1, 4) : [20, 20, 20]
(5, 2, 3, 7, 4, 1, 6, 8, 0) : [20, 20, 20]
(3, 7, 6, 1, 2, 8, 5, 0, 4) : [17, 17, 17]
(8, 5, 1, 4, 6, 0, 3, 2, 7) : [23, 23, 23]
(6, 2, 0, 4, 8, 1, 5, 7, 3) : [24, 24, 24]
(6, 3, 7, 8, 1, 4, 2, 0, 5) : [25, 29, 25]
(3, 1, 7, 4, 5, 8, 0, 2, 6) : [26, 28, 26]
(1, 3, 0, 5, 4, 8, 6, 2, 7) : [18, 18, 18]
(5, 7, 1, 8, 2, 6, 4, 0, 3) : [23, 23, 23]
(3, 4, 0, 6, 7, 2, 5, 1, 8) : [22, 24, 22]
(2, 0, 1, 8, 5, 4, 3, 7, 6) : [23, 23, 23]
(6, 7, 2, 5, 3, 0, 8, 4, 1) : [25, 27, 25]
(0, 4, 7, 6, 1, 5, 3, 8, 2) : [28, 30, 28]
(5, 6, 4, 7, 3, 1, 2, 8, 0) : [24, 24, 24]
(6, 1, 7, 4, 0, 8, 3, 5, 2) : [28, 28, 28]
(8, 4, 5, 6, 3, 2, 7, 0, 1) : [25, 27, 25]
(5, 3, 4, 6, 1, 2, 7, 8, 0) : [24, 24, 24]
(7, 8, 5, 4, 1, 2, 6, 3, 0) : [22, 24, 22]
(7, 0, 8, 6, 2, 3, 4, 1, 5) : [23, 25, 23]
(0, 5, 3, 2, 8, 6, 4, 1, 7) : [18, 20, 18]
(4, 7, 2, 3, 6, 5, 8, 0, 1) : [25, 27, 25]
(4, 1, 3, 0, 7, 5, 6, 8, 2) : [17, 17, 17]
(4, 6, 3, 2, 8, 1, 7, 5, 0) : [20, 20, 20]
(8, 6, 5, 2, 7, 4, 1, 3, 0) : [24, 24, 24]
(5, 1, 0, 3, 6, 8, 7, 2, 4) : [24, 26, 24]
(4, 1, 7, 6, 2, 3, 5, 0, 8) : [19, 19, 19]
(7, 1, 3, 0, 6, 5, 2, 4, 8) : [17, 17, 17]
(0, 3, 5, 2, 1, 4, 8, 6, 7) : [18, 18, 18]
(7, 6, 4, 5, 1, 3, 2, 0, 8) : [19, 19, 19]
(8, 1, 7, 6, 3, 4, 2, 5, 0) : [26, 28, 26]
(7, 6, 1, 8, 5, 4, 2, 3, 0) : [24, 24, 24]
(0, 7, 5, 2, 4, 3, 1, 6, 8) : [22, 22, 22]
(8, 1, 0, 6, 2, 7, 4, 5, 3) : [22, 28, 22]
(6, 4, 3, 0, 8, 1, 7, 2, 5) : [21, 25, 21]
(5, 6, 4, 3, 8, 1, 2, 7, 0) : [26, 28, 26]
(3, 7, 2, 1, 0, 4, 5, 6, 8) : [22, 22, 22]
(4, 1, 7, 8, 3, 5, 6, 0, 2) : [23, 25, 23]
(1, 6, 0, 2, 4, 7, 8, 5, 3) : [26, 26, 26]
(2, 8, 5, 7, 6, 4, 3, 1, 0) : [24, 26, 24]
(7, 5, 0, 1, 4, 3, 8, 6, 2) : [20, 20, 20]
(3, 2, 8, 4, 6, 0, 7, 5, 1) : [21, 25, 21]
(5, 2, 7, 4, 0, 1, 6, 3, 8) : [24, 24, 24]
(5, 0, 7, 6, 3, 4, 8, 2, 1) : [27, 29, 27]
(0, 8, 2, 3, 4, 7, 6, 5, 1) : [26, 30, 26]
(6, 0, 8, 7, 5, 2, 4, 3, 1) : [27, 31, 27]
(4, 6, 5, 3, 1, 8, 2, 7, 0) : [22, 22, 22]
(7, 4, 5, 6, 2, 0, 1, 3, 8) : [25, 27, 25]
(7, 0, 2, 1, 3, 6, 8, 5, 4) : [21, 21, 21]
(7, 2, 3, 6, 5, 8, 4, 0, 1) : [21, 23, 21]
(0, 4, 6, 8, 5, 7, 3, 1, 2) : [26, 28, 26]
(3, 2, 0, 8, 1, 6, 4, 5, 7) : [22, 22, 22]
(4, 6, 2, 1, 8, 0, 3, 7, 5) : [19, 19, 19]
(2, 3, 5, 7, 4, 1, 0, 6, 8) : [18, 18, 18]
(3, 5, 7, 8, 2, 6, 0, 1, 4) : [22, 26, 22]
(4, 7, 8, 6, 0, 3, 1, 5, 2) : [28, 30, 28]
(5, 0, 3, 1, 8, 2, 4, 6, 7) : [19, 19, 19]
(6, 4, 8, 5, 7, 2, 1, 0, 3) : [23, 23, 23]
(1, 2, 7, 3, 4, 6, 8, 0, 5) : [23, 25, 23]
(7, 0, 8, 1, 3, 6, 5, 2, 4) : [25, 25, 25]
(4, 8, 7, 0, 5, 2, 3, 6, 1) : [29, 31, 29]
(8, 1, 5, 6, 2, 0, 7, 4, 3) : [21, 21, 21]
(7, 4, 1, 0, 6, 2, 8, 3, 5) : [17, 17, 17]
(3, 2, 7, 0, 5, 8, 4, 6, 1) : [25, 27, 25]
(0, 4, 6, 1, 7, 3, 2, 8, 5) : [22, 22, 22]
(2, 5, 3, 7, 4, 0, 8, 6, 1) : [17, 17, 17]
(4, 5, 1, 7, 6, 3, 2, 0, 8) : [17, 17, 17]
(5, 0, 3, 1, 7, 6, 2, 8, 4) : [21, 23, 21]
(7, 4, 1, 2, 6, 5, 3, 0, 8) : [21, 21, 21]
(2, 4, 6, 7, 0, 3, 8, 1, 5) : [22, 22, 22]
(0, 2, 3, 6, 1, 5, 7, 8, 4) : [18, 18, 18]
(6, 3, 0, 4, 7, 2, 1, 8, 5) : [24, 26, 24]
(2, 7, 1, 0, 6, 8, 5, 3, 4) : [21, 29, 21]
(7, 1, 0, 8, 4, 6, 3, 5, 2) : [22, 24, 22]
(0, 7, 8, 3, 4, 6, 2, 1, 5) : [22, 22, 22]
(7, 1, 3, 5, 4, 8, 2, 0, 6) : [21, 23, 21]
(8, 4, 3, 5, 7, 6, 0, 2, 1) : [24, 24, 24]
(7, 2, 0, 8, 3, 1, 5, 4, 6) : [22, 22, 22]
(4, 6, 1, 7, 8, 0, 2, 5, 3) : [23, 23, 23]
(3, 7, 5, 8, 2, 6, 0, 4, 1) : [22, 22, 22]
(1, 0, 3, 2, 7, 4, 5, 6, 8) : [21, 21, 21]
(0, 2, 7, 3, 1, 8, 6, 4, 5) : [24, 26, 24]
(2, 1, 5, 0, 7, 4, 8, 6, 3) : [19, 21, 19]
(6, 4, 5, 3, 1, 0, 8, 7, 2) : [27, 27, 27]
(4, 7, 5, 8, 6, 3, 1, 2, 0) : [26, 28, 26]
(2, 5, 4, 1, 8, 3, 7, 6, 0) : [12, 12, 12]
(4, 8, 2, 0, 5, 7, 6, 3, 1) : [25, 27, 25]
(3, 0, 4, 5, 2, 8, 7, 1, 6) : [25, 25, 25]
(2, 5, 1, 8, 7, 4, 0, 3, 6) : [22, 22, 22]
(4, 2, 3, 1, 6, 0, 7, 8, 5) : [17, 17, 17]
(6, 7, 5, 0, 8, 3, 4, 1, 2) : [27, 27, 27]
(7, 6, 8, 0, 1, 5, 2, 4, 3) : [25, 27, 25]
(8, 2, 5, 7, 6, 3, 4, 1, 0) : [26, 26, 26]
(6, 1, 0, 8, 5, 4, 7, 3, 2) : [26, 26, 26]
(1, 7, 3, 8, 2, 5, 0, 6, 4) : [22, 22, 22]
(1, 0, 2, 6, 3, 7, 5, 4, 8) : [19, 19, 19]
(4, 5, 1, 2, 8, 3, 7, 0, 6) : [11, 11, 11]
(8, 5, 4, 0, 1, 2, 7, 3, 6) : [21, 21, 21]
(6, 1, 3, 8, 2, 0, 4, 5, 7) : [21, 23, 21]
(1, 7, 4, 2, 0, 3, 5, 8, 6) : [18, 18, 18]
(7, 4, 1, 6, 8, 3, 2, 0, 5) : [19, 23, 19]
(3, 7, 1, 8, 5, 6, 4, 0, 2) : [25, 25, 25]
(5, 0, 2, 7, 4, 8, 6, 1, 3) : [17, 17, 17]
(7, 8, 4, 0, 2, 6, 1, 5, 3) : [25, 27, 25]
(4, 1, 7, 6, 8, 5, 3, 0, 2) : [25, 25, 25]
(0, 1, 3, 5, 2, 8, 7, 4, 6) : [18, 18, 18]
(1, 2, 4, 8, 0, 5, 6, 7, 3) : [18, 20, 18]
(8, 3, 5, 6, 4, 7, 2, 1, 0) : [24, 26, 24]
(5, 6, 0, 2, 4, 1, 3, 8, 7) : [28, 28, 28]
(6, 4, 3, 1, 8, 7, 5, 0, 2) : [23, 25, 23]
(7, 3, 5, 2, 0, 4, 1, 8, 6) : [18, 18, 18]
(8, 5, 6, 4, 0, 7, 2, 1, 3) : [24, 24, 24]
(6, 1, 0, 2, 8, 4, 7, 3, 5) : [20, 22, 20]
(8, 6, 2, 4, 1, 5, 0, 3, 7) : [20, 20, 20]
(8, 5, 3, 1, 6, 0, 2, 7, 4) : [25, 25, 25]
(7, 3, 0, 8, 2, 5, 4, 6, 1) : [20, 24, 20]
(8, 6, 5, 4, 1, 2, 7, 3, 0) : [20, 20, 20]
(8, 0, 4, 1, 3, 5, 7, 2, 6) : [21, 21, 21]
(5, 7, 8, 1, 3, 2, 0, 6, 4) : [26, 26, 26]
(6, 3, 4, 0, 8, 1, 7, 5, 2) : [23, 27, 23]
(3, 2, 5, 0, 4, 6, 7, 1, 8) : [17, 17, 17]
(7, 1, 2, 6, 0, 5, 3, 8, 4) : [22, 22, 22]
(1, 2, 5, 4, 7, 3, 8, 6, 0) : [16, 16, 16]
(6, 8, 4, 7, 1, 3, 5, 2, 0) : [26, 28, 26]
(4, 2, 5, 8, 3, 1, 7, 0, 6) : [19, 19, 19]
(8, 7, 4, 3, 5, 6, 1, 0, 2) : [29, 29, 29]
(1, 4, 6, 8, 2, 5, 3, 0, 7) : [25, 25, 25]
(5, 4, 8, 6, 0, 7, 3, 1, 2) : [28, 30, 28]
(5, 3, 8, 0, 7, 6, 4, 1, 2) : [27, 27, 27]
(3, 0, 7, 8, 4, 1, 5, 6, 2) : [23, 23, 23]
(5, 0, 2, 1, 4, 7, 3, 6, 8) : [23, 25, 23]
(1, 3, 5, 6, 4, 7, 8, 0, 2) : [19, 19, 19]
(3, 2, 6, 8, 7, 5, 4, 0, 1) : [23, 23, 23]
(4, 8, 7, 6, 2, 0, 5, 3, 1) : [25, 29, 25]
(1, 8, 6, 4, 0, 2, 5, 7, 3) : [20, 20, 20]
(8, 4, 6, 3, 7, 0, 5, 2, 1) : [27, 29, 27]
(0, 5, 2, 4, 7, 8, 6, 3, 1) : [24, 24, 24]
(5, 8, 3, 2, 4, 1, 6, 7, 0) : [26, 26, 26]
(4, 0, 7, 6, 3, 2, 1, 8, 5) : [21, 21, 21]
(5, 6, 0, 2, 1, 8, 4, 7, 3) : [22, 22, 22]
(7, 4, 2, 8, 5, 1, 0, 3, 6) : [20, 20, 20]
(3, 6, 8, 7, 1, 4, 0, 2, 5) : [16, 16, 16]
(2, 1, 6, 3, 7, 4, 5, 8, 0) : [22, 22, 22]
(6, 1, 2, 4, 8, 5, 3, 0, 7) : [21, 21, 21]
(5, 1, 0, 6, 4, 3, 7, 8, 2) : [22, 22, 22]
(8, 2, 6, 1, 0, 4, 7, 5, 3) : [18, 18, 18]
(0, 5, 4, 7, 3, 2, 6, 8, 1) : [24, 24, 24]
(4, 8, 7, 3, 5, 2, 6, 0, 1) : [27, 33, 27]
(0, 5, 2, 4, 6, 7, 8, 3, 1) : [26, 28, 26]
(1, 5, 8, 0, 6, 3, 2, 4, 7) : [21, 21, 21]
(1, 5, 4, 3, 0, 7, 8, 2, 6) : [22, 24, 22]
(7, 4, 3, 5, 2, 1, 6, 8, 0) : [20, 20, 20]
(3, 5, 8, 1, 4, 6, 0, 2, 7) : [22, 22, 22]
(6, 2, 1, 0, 8, 7, 5, 4, 3) : [23, 23, 23]
(1, 0, 2, 4, 5, 8, 6, 3, 7) : [19, 19, 19]
(2, 5, 3, 7, 1, 8, 4, 6, 0) : [22, 22, 22]
(6, 5, 7, 8, 3, 1, 4, 0, 2) : [25, 31, 25]
(7, 2, 6, 5, 4, 1, 0, 3, 8) : [20, 20, 20]
(5, 7, 2, 8, 4, 6, 0, 1, 3) : [22, 22, 22]
(0, 4, 2, 6, 8, 3, 5, 7, 1) : [22, 22, 22]
(0, 5, 6, 4, 8, 2, 1, 3, 7) : [26, 26, 26]
(6, 2, 3, 1, 8, 5, 0, 7, 4) : [18, 18, 18]
(8, 6, 0, 4, 1, 7, 3, 5, 2) : [26, 28, 26]
(5, 4, 2, 6, 0, 7, 1, 3, 8) : [20, 20, 20]
(7, 8, 0, 1, 3, 6, 5, 2, 4) : [26, 26, 26]
(3, 2, 5, 4, 6, 0, 8, 7, 1) : [23, 23, 23]
(6, 4, 2, 1, 0, 7, 3, 8, 5) : [24, 26, 24]
(3, 5, 2, 7, 4, 6, 0, 8, 1) : [20, 20, 20]
(0, 7, 3, 6, 1, 4, 8, 5, 2) : [22, 22, 22]
(1, 2, 3, 7, 6, 8, 5, 4, 0) : [8, 8, 8]
(7, 0, 8, 3, 1, 5, 6, 2, 4) : [21, 21, 21]
(7, 1, 0, 5, 6, 3, 8, 4, 2) : [20, 20, 20]
(6, 1, 0, 4, 7, 8, 3, 2, 5) : [22, 22, 22]
(8, 0, 5, 2, 1, 3, 7, 4, 6) : [21, 23, 21]
(2, 8, 1, 5, 4, 3, 6, 0, 7) : [25, 27, 25]
(6, 8, 7, 1, 3, 4, 0, 2, 5) : [26, 26, 26]
(1, 5, 6, 0, 2, 4, 7, 3, 8) : [17, 17, 17]
(4, 1, 2, 3, 8, 0, 6, 7, 5) : [15, 15, 15]
(7, 4, 1, 2, 0, 5, 6, 8, 3) : [20, 20, 20]
(3, 4, 0, 8, 5, 2, 1, 6, 7) : [26, 26, 26]
(2, 4, 6, 7, 0, 1, 5, 3, 8) : [16, 16, 16]
(8, 3, 1, 2, 4, 0, 5, 7, 6) : [21, 21, 21]
(6, 8, 3, 2, 1, 5, 7, 0, 4) : [21, 21, 21]
(0, 5, 4, 8, 6, 7, 3, 1, 2) : [26, 34, 26]
(8, 2, 1, 4, 5, 7, 0, 3, 6) : [26, 26, 26]
(5, 6, 4, 8, 2, 0, 7, 1, 3) : [25, 25, 25]
(0, 3, 6, 2, 5, 7, 8, 4, 1) : [22, 22, 22]
(0, 8, 3, 6, 5, 7, 2, 1, 4) : [24, 24, 24]
(0, 4, 7, 5, 6, 3, 2, 8, 1) : [24, 24, 24]
(1, 5, 8, 7, 4, 3, 0, 6, 2) : [16, 18, 16]
(6, 2, 1, 3, 8, 7, 5, 4, 0) : [24, 24, 24]
(6, 0, 7, 5, 1, 8, 4, 3, 2) : [25, 29, 25]
(5, 7, 2, 3, 4, 1, 6, 0, 8) : [27, 27, 27]
(8, 2, 1, 6, 4, 5, 7, 3, 0) : [26, 26, 26]
(4, 2, 7, 6, 8, 0, 3, 5, 1) : [25, 29, 25]
(5, 3, 7, 8, 2, 0, 6, 4, 1) : [25, 25, 25]
(2, 0, 5, 7, 3, 8, 1, 4, 6) : [15, 15, 15]
(3, 1, 2, 4, 0, 8, 5, 7, 6) : [18, 18, 18]
(6, 8, 0, 3, 4, 1, 2, 7, 5) : [22, 22, 22]
(1, 8, 3, 0, 7, 6, 5, 2, 4) : [17, 17, 17]
(4, 3, 6, 7, 2, 5, 8, 1, 0) : [18, 18, 18]
(0, 1, 7, 4, 3, 5, 8, 6, 2) : [20, 22, 20]
(1, 2, 8, 3, 0, 7, 5, 6, 4) : [20, 20, 20]
(5, 0, 4, 7, 3, 6, 2, 1, 8) : [21, 21, 21]
(3, 1, 8, 6, 7, 0, 5, 4, 2) : [23, 29, 23]
(2, 8, 1, 3, 7, 5, 0, 6, 4) : [28, 28, 28]
(5, 7, 3, 8, 1, 4, 2, 0, 6) : [19, 19, 19]
(6, 1, 5, 0, 4, 7, 8, 2, 3) : [23, 23, 23]
(5, 8, 0, 6, 3, 7, 4, 2, 1) : [24, 24, 24]
(3, 4, 0, 1, 5, 8, 2, 6, 7) : [24, 26, 24]
(6, 7, 0, 2, 4, 8, 3, 5, 1) : [28, 32, 28]
(2, 3, 6, 5, 0, 7, 4, 1, 8) : [16, 16, 16]
(8, 3, 4, 2, 1, 5, 0, 6, 7) : [22, 22, 22]
(6, 2, 5, 3, 7, 1, 4, 8, 0) : [20, 22, 20]
(2, 5, 7, 3, 1, 0, 4, 8, 6) : [21, 21, 21]
(4, 6, 2, 8, 3, 0, 1, 7, 5) : [19, 21, 19]
(3, 7, 8, 0, 4, 5, 6, 1, 2) : [23, 23, 23]
(7, 8, 6, 0, 3, 4, 1, 5, 2) : [23, 29, 23]
(5, 7, 3, 4, 1, 6, 2, 0, 8) : [17, 19, 17]
(6, 7, 2, 4, 0, 8, 5, 1, 3) : [22, 22, 22]
(4, 8, 3, 1, 5, 2, 6, 0, 7) : [23, 25, 23]
(1, 0, 7, 2, 4, 8, 5, 3, 6) : [29, 29, 29]
(1, 7, 6, 0, 4, 2, 3, 8, 5) : [23, 25, 23]
(4, 7, 2, 6, 3, 0, 8, 5, 1) : [25, 25, 25]
(5, 4, 8, 0, 7, 1, 3, 6, 2) : [23, 29, 23]
(0, 4, 7, 2, 3, 5, 1, 8, 6) : [22, 22, 22]
(1, 0, 7, 5, 6, 8, 2, 3, 4) : [23, 25, 23]
(2, 0, 1, 6, 4, 5, 3, 7, 8) : [23, 23, 23]
(4, 0, 7, 1, 8, 6, 5, 3, 2) : [23, 23, 23]
(2, 4, 7, 6, 8, 0, 5, 3, 1) : [25, 25, 25]
(6, 2, 1, 0, 8, 4, 3, 7, 5) : [27, 27, 27]
(7, 5, 4, 6, 3, 0, 1, 2, 8) : [25, 25, 25]
(4, 2, 7, 8, 6, 5, 3, 0, 1) : [27, 27, 27]
(5, 0, 6, 2, 3, 1, 7, 8, 4) : [21, 21, 21]
(0, 6, 8, 5, 2, 4, 7, 1, 3) : [26, 26, 26]
(0, 1, 5, 7, 2, 6, 4, 3, 8) : [18, 18, 18]
(2, 4, 8, 3, 7, 0, 5, 6, 1) : [25, 27, 25]
(5, 4, 1, 7, 3, 0, 6, 2, 8) : [21, 23, 21]
(6, 4, 7, 8, 1, 3, 0, 5, 2) : [26, 26, 26]
(7, 3, 8, 4, 6, 5, 0, 1, 2) : [24, 24, 24]
(8, 1, 5, 2, 7, 4, 3, 0, 6) : [21, 21, 21]
(5, 6, 3, 8, 7, 4, 0, 2, 1) : [24, 26, 24]
(4, 1, 8, 3, 2, 6, 5, 7, 0) : [20, 20, 20]
(0, 3, 4, 2, 5, 7, 1, 6, 8) : [22, 22, 22]
(1, 0, 2, 7, 3, 5, 8, 6, 4) : [17, 17, 17]
(3, 8, 2, 4, 5, 6, 0, 1, 7) : [24, 26, 24]
(3, 4, 1, 7, 5, 8, 2, 0, 6) : [23, 23, 23]
(0, 6, 2, 5, 8, 7, 1, 3, 4) : [24, 26, 24]
(1, 5, 3, 4, 0, 8, 2, 6, 7) : [16, 16, 16]
(3, 0, 5, 6, 2, 4, 1, 7, 8) : [23, 23, 23]
(8, 0, 1, 5, 2, 6, 4, 7, 3) : [23, 23, 23]
(1, 6, 4, 8, 2, 7, 3, 5, 0) : [26, 28, 26]
(8, 6, 3, 0, 4, 2, 7, 5, 1) : [25, 27, 25]
(6, 1, 2, 3, 4, 5, 8, 7, 0) : [22, 22, 22]
(7, 2, 8, 6, 0, 4, 5, 1, 3) : [22, 28, 22]
(7, 2, 3, 0, 1, 8, 5, 4, 6) : [19, 19, 19]
(6, 4, 1, 8, 3, 2, 0, 7, 5) : [20, 20, 20]
(0, 8, 4, 7, 3, 6, 1, 2, 5) : [26, 28, 26]
(3, 5, 2, 7, 4, 1, 6, 0, 8) : [23, 25, 23]
(2, 3, 0, 4, 7, 1, 6, 8, 5) : [20, 20, 20]
(2, 7, 1, 6, 0, 4, 3, 5, 8) : [28, 28, 28]
(5, 0, 4, 7, 3, 2, 1, 6, 8) : [23, 23, 23]
(7, 4, 5, 6, 8, 0, 3, 1, 2) : [23, 27, 23]
(3, 5, 2, 0, 8, 6, 4, 7, 1) : [23, 23, 23]
(3, 1, 7, 0, 5, 8, 6, 4, 2) : [27, 29, 27]
(7, 2, 5, 4, 3, 1, 8, 6, 0) : [22, 22, 22]
(7, 2, 5, 1, 3, 8, 0, 4, 6) : [18, 18, 18]
(0, 5, 7, 1, 4, 6, 8, 3, 2) : [22, 24, 22]
(0, 2, 6, 5, 4, 8, 1, 7, 3) : [18, 18, 18]
(3, 5, 8, 4, 2, 7, 6, 0, 1) : [23, 25, 23]
(5, 0, 7, 3, 2, 4, 1, 8, 6) : [23, 23, 23]
(5, 2, 6, 4, 8, 7, 0, 3, 1) : [24, 24, 24]
(4, 0, 1, 6, 2, 5, 8, 7, 3) : [19, 19, 19]
(1, 8, 0, 3, 5, 6, 4, 2, 7) : [22, 22, 22]
(7, 8, 6, 0, 1, 4, 5, 3, 2) : [25, 25, 25]
(3, 7, 8, 1, 2, 0, 4, 5, 6) : [23, 23, 23]
(6, 5, 8, 3, 0, 1, 4, 7, 2) : [22, 22, 22]
(7, 5, 8, 0, 4, 2, 1, 6, 3) : [21, 21, 21]
(8, 1, 4, 7, 3, 0, 2, 5, 6) : [25, 25, 25]
(4, 3, 6, 1, 7, 0, 8, 2, 5) : [23, 23, 23]
(6, 5, 8, 0, 4, 1, 2, 7, 3) : [25, 29, 25]
(8, 7, 1, 0, 3, 5, 4, 6, 2) : [21, 21, 21]
(5, 7, 0, 1, 4, 6, 8, 3, 2) : [24, 24, 24]
(1, 5, 6, 4, 0, 3, 8, 7, 2) : [20, 20, 20]
(0, 1, 4, 2, 6, 5, 3, 8, 7) : [26, 28, 26]
(3, 7, 6, 1, 8, 5, 2, 4, 0) : [18, 18, 18]
(6, 2, 1, 7, 5, 8, 4, 0, 3) : [25, 25, 25]
(1, 2, 0, 4, 5, 6, 3, 8, 7) : [18, 18, 18]
(2, 3, 0, 6, 5, 4, 1, 7, 8) : [18, 18, 18]
(8, 3, 0, 2, 5, 7, 4, 1, 6) : [22, 22, 22]
(1, 2, 0, 8, 5, 4, 6, 7, 3) : [16, 16, 16]
(8, 4, 6, 1, 0, 3, 7, 5, 2) : [22, 22, 22]
(5, 7, 3, 1, 6, 8, 0, 4, 2) : [20, 22, 20]
(7, 2, 3, 0, 4, 6, 5, 1, 8) : [13, 13, 13]
(8, 2, 0, 7, 4, 5, 6, 3, 1) : [22, 26, 22]
(6, 0, 1, 7, 8, 2, 5, 4, 3) : [23, 23, 23]
(0, 7, 8, 5, 1, 2, 3, 4, 6) : [24, 24, 24]
(4, 8, 1, 5, 3, 2, 6, 7, 0) : [22, 22, 22]
(6, 1, 3, 8, 4, 2, 0, 7, 5) : [22, 22, 22]
(7, 0, 5, 4, 8, 2, 1, 3, 6) : [25, 25, 25]
(5, 0, 1, 2, 3, 4, 8, 6, 7) : [23, 23, 23]
(2, 5, 8, 1, 6, 7, 4, 0, 3) : [17, 19, 17]
(8, 0, 5, 7, 1, 2, 4, 6, 3) : [17, 17, 17]
(3, 1, 5, 4, 6, 8, 2, 7, 0) : [18, 18, 18]
(7, 1, 6, 3, 8, 5, 0, 2, 4) : [20, 22, 20]
(5, 2, 3, 6, 7, 8, 1, 0, 4) : [19, 19, 19]
(8, 2, 4, 0, 5, 6, 7, 1, 3) : [25, 29, 25]
(4, 5, 2, 7, 3, 1, 8, 0, 6) : [17, 17, 17]
(1, 8, 2, 0, 4, 6, 7, 5, 3) : [13, 13, 13]
(5, 0, 7, 1, 2, 4, 3, 6, 8) : [27, 29, 27]
(5, 2, 7, 8, 0, 4, 6, 3, 1) : [24, 28, 24]
(1, 3, 6, 7, 8, 2, 4, 5, 0) : [20, 22, 20]
(7, 6, 1, 5, 4, 2, 0, 3, 8) : [20, 22, 20]
(2, 4, 0, 8, 3, 7, 1, 5, 6) : [20, 20, 20]
(4, 8, 1, 3, 7, 2, 6, 5, 0) : [20, 20, 20]
(1, 4, 2, 6, 3, 7, 8, 0, 5) : [23, 25, 23]
(5, 4, 0, 6, 7, 1, 3, 2, 8) : [24, 30, 24]
(8, 0, 1, 6, 5, 4, 3, 7, 2) : [27, 31, 27]
(8, 1, 2, 7, 0, 3, 5, 4, 6) : [16, 16, 16]
(1, 4, 7, 0, 3, 2, 5, 8, 6) : [19, 19, 19]
(8, 5, 1, 4, 7, 0, 3, 6, 2) : [23, 25, 23]
(7, 6, 2, 3, 4, 1, 5, 0, 8) : [19, 19, 19]
(1, 4, 3, 5, 0, 2, 7, 8, 6) : [16, 16, 16]
(0, 6, 8, 3, 5, 4, 1, 2, 7) : [24, 26, 24]
(0, 1, 3, 2, 6, 4, 5, 8, 7) : [24, 24, 24]
(6, 5, 7, 1, 4, 0, 8, 3, 2) : [25, 27, 25]
(2, 0, 3, 8, 6, 4, 1, 7, 5) : [19, 19, 19]
(1, 8, 7, 2, 5, 4, 3, 6, 0) : [30, 30, 30]
(6, 4, 5, 3, 7, 2, 1, 0, 8) : [21, 23, 21]
(6, 2, 3, 5, 4, 1, 7, 0, 8) : [23, 23, 23]
(3, 4, 6, 8, 2, 7, 1, 0, 5) : [23, 23, 23]
(0, 7, 6, 3, 8, 4, 1, 5, 2) : [20, 20, 20]
(0, 2, 5, 4, 3, 8, 1, 6, 7) : [18, 18, 18]
(0, 1, 2, 4, 6, 3, 5, 8, 7) : [18, 18, 18]
(0, 1, 3, 6, 8, 7, 2, 5, 4) : [20, 20, 20]
(3, 8, 0, 6, 7, 1, 4, 5, 2) : [24, 24, 24]
(2, 0, 6, 4, 3, 5, 1, 8, 7) : [17, 17, 17]
(7, 8, 5, 0, 1, 6, 4, 3, 2) : [23, 25, 23]
(1, 6, 5, 8, 4, 3, 0, 2, 7) : [22, 22, 22]
(2, 0, 1, 5, 4, 6, 7, 3, 8) : [17, 17, 17]
(4, 7, 1, 0, 8, 5, 3, 6, 2) : [21, 25, 21]
(6, 1, 0, 5, 8, 4, 2, 3, 7) : [24, 26, 24]
(5, 7, 4, 8, 1, 6, 0, 2, 3) : [26, 26, 26]
(6, 0, 7, 5, 8, 2, 1, 4, 3) : [23, 27, 23]
(0, 1, 2, 8, 7, 3, 6, 5, 4) : [16, 16, 16]
(7, 8, 1, 2, 0, 5, 4, 6, 3) : [22, 22, 22]
(7, 2, 0, 1, 3, 8, 6, 4, 5) : [22, 22, 22]
(1, 0, 7, 2, 3, 4, 8, 6, 5) : [21, 21, 21]
(2, 5, 6, 1, 8, 0, 7, 3, 4) : [17, 17, 17]
(5, 3, 6, 7, 8, 4, 2, 1, 0) : [20, 22, 20]
(0, 4, 5, 1, 7, 3, 8, 2, 6) : [18, 18, 18]
(6, 5, 3, 7, 4, 8, 0, 1, 2) : [24, 24, 24]
(8, 3, 7, 6, 4, 5, 1, 0, 2) : [25, 29, 25]
(4, 0, 8, 1, 6, 5, 3, 7, 2) : [21, 25, 21]
(2, 3, 0, 8, 4, 7, 5, 1, 6) : [20, 20, 20]
(4, 2, 3, 0, 1, 7, 6, 5, 8) : [21, 21, 21]
(8, 6, 5, 4, 0, 7, 1, 2, 3) : [28, 28, 28]
(2, 5, 3, 8, 4, 0, 7, 1, 6) : [19, 21, 19]
(6, 3, 5, 0, 2, 7, 1, 8, 4) : [23, 27, 23]
(6, 5, 8, 7, 0, 4, 3, 2, 1) : [28, 34, 28]
(3, 1, 7, 5, 8, 6, 4, 0, 2) : [23, 27, 23]
(1, 0, 2, 6, 8, 5, 7, 4, 3) : [21, 21, 21]
(8, 7, 6, 3, 1, 5, 2, 0, 4) : [25, 33, 25]
(1, 4, 8, 3, 0, 2, 7, 5, 6) : [22, 22, 22]
(6, 5, 8, 7, 2, 4, 3, 1, 0) : [28, 28, 28]
(2, 0, 6, 1, 7, 4, 5, 3, 8) : [17, 17, 17]
(6, 7, 0, 2, 5, 8, 3, 1, 4) : [26, 30, 26]
(4, 6, 5, 7, 0, 1, 3, 2, 8) : [22, 22, 22]
(8, 1, 2, 3, 7, 5, 6, 0, 4) : [25, 25, 25]
(2, 5, 0, 6, 1, 7, 8, 4, 3) : [24, 24, 24]
